2355
9699
4737
9853
3835
6423
5362
8331
5550
2538
5356
5379
3698
3975
1730
3383
4981
8270
8633
6385
2762
4753
569
5052
1168
2923
9792
8064
3645
5902
4230
3336
859
3591
8059
8801
2553
5503
1228
8274
8594
2801
1636
9667
9210
5747
9503
2107
9236
2099
9642
7450
5584
1519
9030
3983
8562
6977
3916
7655
9247
2565
9850
1667
8321
1705
9291
4228
8009
1808
4085
3862
6275
4850
2092
3494
3269
2084
7748
4353
946
8015
6739
1323
699
6448
6917
4137
3957
987
9577
427
9766
6637
1289
9225
904
9405
7879
4057
4400
9149
2098
2971
6488
3619
9704
5361
2568
5982
8998
5422
2164
1112
3018
633
3359
6343
6169
5550
4813
4607
7421
7937
6070
696
8614
5568
5030
2967
2242
1141
7729
6923
5735
1092
1364
6550
5084
4247
998
231
1192
8596
9758
4512
5506
4087
4478
7689
5751
1809
5101
5232
7322
6813
3635
2698
2198
8715
5277
6651
5503
1931
1376
558
3831
7159
9402
8417
7900
1373
6468
529
222
4440
9683
7165
2063
7466
7758
7481
3219
7960
3162
226
406
4306
2161
2520
3021
3405
9538
6605
9828
5311
9153
3657
3287
3639
5583
120
1420
5750
7140
9216
8862
9758
1865
66
2260
277
482
4908
1648
4533
2232
7689
7924
3828
7413
278
1086
2507
2857
1282
8484
4230
9433
6369
1514
711
9399
4109
241
7111
8668
8986
7417
8857
3986
8275
3255
8700
7375
2742
226
1038
7787
297
583
2424
4834
9880
5661
6362
2853
2333
4627
4659
8651
858
9685
7420
1685
9333
4781
4258
2608
5440
9014
3535
2243
1493
6123
7844
7319
9579
1150
9221
5670
3911
21
4705
9037
9761
927
1628
4907
2962
2405
1003
7644
2055
7787
5147
319
3621
4373
5518
4066
5049
2822
1843
5471
5706
6244
9473
2064
9214
9240
5919
1759
7493
9905
2371
4248
742
5208
4422
6223
277
5726
5313
9118
6589
1553
1574
5655
9231
9005
9068
5944
3831
288
7336
9068
6232
8614
9861
8862
8980
7859
17
7688
6041
9183
9123
6857
9179
1147
1196
9525
8874
2866
2825
5383
3216
3770
5346
6594
3145
2362
2546
645
1311
9173
2516
4044
1825
2741
9478
6851
3328
1203
6413
3654
4694
371
2229
4451
3587
284
8370
1169
5589
2516
8600
730
483
3819
7443
4628
4166
8926
9140
4733
2629
4252
985
468
9243
8821
1032
9141
6375
190
4103
924
5040
5520
4891
4251
6691
2353
7948
3478
1963
3786
1425
3132
6971
7255
5949
7568
3818
1566
1877
5525
4028
4999
1100
7800
2521
6202
9342
519
8061
6469
5733
3184
2604
1692
6091
7092
7167
8843
3645
6778
7742
6696
7880
2607
9580
9715
1316
3963
5002
6703
3465
752
969
8858
2801
2316
6352
6776
1340
7213
4549
990
5850
6772
4636
7754
9593
8914
458
352
5835
1311
8452
5808
5554
9593
8857
995
4891
5433
9848
1843
805
978
688
9882
524
2499
3234
3363
3431
8636
356
7981
3338
3277
1925
2574
5704
7929
2121
3860
6872
8729
3312
1527
8179
5518
6151
2634
9832
9694
6282
2592
3164
1440
900
9163
6593
3154
6613
4911
9794
3879
1326
2533
792
6559
1724
6300
7740
1054
8351
5418
4426
766
6966
65
4382
7968
505
12
4333
5022
4723
952
5027
6764
6602
1584
9748
5725
3195
8448
7233
8434
5559
907
3482
1181
4692
4792
4890
8724
801
6423
7891
8416
747
3778
375
6181
901
1726
7248
3772
7959
1345
845
7692
1253
6253
7801
5576
2074
554
5433
1074
6002
6195
658
9868
5793
8214
7893
6271
5059
7183
4568
69
9633
9230
8835
7600
4716
6180
3315
9918
5754
1693
2574
6212
8762
6775
7188
4535
9637
7474
4702
4601
2067
2239
9285
1424
6375
9002
306
4627
2473
5012
8110
2030
2270
4809
1717
9094
8837
9105
779
2934
5328
1154
6411
1750
4317
3442
4072
5805
7377
3802
3714
413
9264
5622
9176
8493
3851
345
3396
8405
6454
4909
5783
8818
8564
2296
6689
6665
9554
7354
8621
5832
4814
1971
3255
6728
6146
4449
2219
7791
208
8871
2859
5986
4075
7658
5005
5095
8095
8757
5807
8840
2255
9468
712
5972
3993
9869
8188
5359
2536
3618
1579
1178
694
9987
9190
3165
6940
9721
7823
417
3095
3597
3933
762
6040
9999
5273
9281
5321
4211
4968
1408
5687
437
9284
6151
6896
5549
9513
8348
3355
8366
8442
4078
6462
5512
6173
6762
4447
9421
3130
5638
9947
6785
971
8619
621
8362
6384
9217
8796
2727
3266
8178
7203
3981
8129
8704
6126
9117
9549
6338
7134
1761
4605
6809
9721
1893
5440
1218
4433
3186
4990
8692
9999
133
137
9544
1836
2687
5301
6265
1500
981
4210
1313
3031
5816
6258
755
1685
9183
4987
3463
4294
1040
6826
2175
2395
1869
8290
1785
8212
8507
5040
2717
7287
4462
1564
9782
2985
8001
2046
6909
9277
1490
1466
4961
4374
3705
5834
8931
6667
1448
8119
5246
3526
5038
6836
6740
328
566
5127
6355
8093
7261
7524
9398
5031
993
375
1192
922
3604
2526
2627
9571
5472
9777
1814
1094
772
8111
4502
4882
1981
1078
347
1811
9712
3631
4555
6804
5443
6467
5780
3743
1259
1438
403
147
6672
6831
18
977
6733
6616
3997
4307
9684
505
2645
2376
5103
8931
6446
2496
992
4699
7091
3425
5401
7198
5354
5460
6536
6667
785
7279
6890
8562
1191
1040
4433
2135
5688
6386
6992
2114
64
5647
5651
6
641
2835
1227
2108
2400
9000
3271
187
2009
6115
7662
8214
3235
2651
8121
563
6349
5761
4318
3923
1848
2816
3030
531
9967
259
928
2046
9232
9421
975
8045
7646
2073
8846
8716
3072
9486
3700
937
3985
6142
9027
8364
4282
9212
3498
8238
1741
7816
8346
6743
7704
6473
5461
7064
729
149
2786
2449
3521
1552
5757
913
6145
8606
4124
7912
6289
9911
4029
6090
6896
5078
8923
8386
2101
8845
4719
8240
724
6729
322
6513
5100
1166
480
4457
1501
7887
8105
9856
838
4860
2978
6
7741
2792
2936
8260
872
1765
7428
2609
8664
9119
2634
2157
2150
4130
972
5277
9302
3192
2651
3204
7879
6803
125
5531
204
3891
794
4653
7781
6981
9392
2401
2790
1401
3991
8692
5673
7038
4303
6258
5168
6508
4773
1329
1298
1053
5557
2587
5399
744
2329
2614
5375
2300
1151
7569
4492
4038
1160
6989
448
3247
397
5941
2064
2966
1068
6332
7496
9061
4001
6514
7977
3825
9088
3170
9821
1043
574
1739
9723
3839
9103
5833
9238
638
2473
7631
9120
892
1192
5716
4972
8927
1755
3623
6736
9362
8780
6783
5945
5278
7901
5092
1289
7684
78
852
507
4345
8315
5107
8567
4686
5361
7506
5537
7819
8417
7930
1660
6664
3373
821
524
6296
832
2490
7689
866
9339
1155
1743
1437
7465
7340
2818
6231
8243
5995
4671
2658
7792
1302
7790
3803
4164
9973
5572
7561
6074
517
3909
1487
5932
9846
5686
3902
8207
5474
1391
3802
8252
2027
5631
7830
3528
4543
7531
4990
661
954
3391
9474
6081
7865
6981
2986
7244
8086
6546
9067
2120
3669
5277
580
5273
5898
8236
9717
683
1396
7799
2605
7379
4266
7085
6701
1630
3681
9797
9119
4373
3367
7661
2509
4674
3151
1022
9151
3980
9913
1905
533
7390
8525
938
7676
8359
2484
1011
2833
7386
5075
7524
6240
5157
197
4557
2775
6702
9988
2982
7980
6058
8548
6350
2759
4551
5596
2911
2493
5625
9874
579
331
8210
8497
7488
171
6058
3466
3886
9046
1839
9380
6442
8214
2293
7041
1763
6839
6494
7663
7457
4377
725
1575
6725
9428
4245
9477
7500
1865
9686
1413
8605
6497
4535
5030
6882
6757
1847
1710
9123
5929
5245
90
637
2709
5576
8576
7506
433
7185
9027
634
8940
477
2498
8312
4185
2974
3325
7431
4471
7800
7637
7891
1324
8497
2736
9780
3133
9586
4629
1076
1788
5754
8922
6770
3359
3506
23
1423
2777
315
7254
1654
6199
1347
7722
7433
7513
9607
8617
950
6426
2690
2312
2760
3310
6116
3457
4458
5864
2190
8547
9142
8581
5401
4087
2908
9096
7334
3498
558
5283
144
4715
5512
3374
4670
7219
8733
6408
9396
8412
956
6695
6041
5168
6353
5037
6708
7007
3240
4057
9375
9820
4253
3303
5614
4421
1135
3589
2985
7629
5507
2643
5156
8663
9956
5191
6656
9665
6439
2282
2890
731
2285
9186
3569
1346
8578
2172
1813
7310
3683
9317
4411
7492
5901
6166
3229
921
5087
8090
6622
4100
8337
5278
2571
7005
878
5988
2365
3544
6381
1027
731
8233
6590
5518
4653
435
4607
5567
1819
6849
7150
8112
9123
1071
8937
9830
5882
4806
3041
9643
9210
4706
893
118
2537
1410
603
9753
730
5100
9377
9767
6173
874
8274
416
2817
6117
6940
6378
5754
3948
8622
4990
2381
529
1974
9068
745
32
7560
9995
7424
8045
6763
7345
1682
1449
9950
6507
9370
8736
1864
8475
4418
3107
605
1547
2530
7181
9772
2386
4182
6468
2005
1986
1421
4253
7320
1610
1693
6108
5417
1759
1924
4007
8223
1810
2698
9718
3323
5662
3170
3322
7894
33
3199
8391
308
8213
6980
6431
452
1929
9859
7388
1273
4288
9350
8409
627
9302
4284
2653
9478
6091
9020
3446
5773
1229
9637
6110
3927
2086
8182
3645
127
3407
8425
4858
1257
1775
9338
4607
664
2693
8789
584
7101
4798
1853
4935
8554
8675
6585
2248
741
2210
5226
4572
1016
3783
3831
1300
6469
5622
2809
4252
5846
5256
9299
7217
434
1424
6760
2209
1052
4457
800
7421
3798
8590
6550
9325
6963
5477
6745
2576
7993
2089
5346
62
2005
7762
4581
2093
9177
5891
3504
5484
208
2768
5680
7104
8387
8842
6243
4440
6388
4809
6873
2719
8215
7220
9539
2445
8064
9440
2894
1194
3847
5091
7785
2785
3816
756
9521
572
2359
3377
7742
1202
6273
5067
3158
6153
7358
3618
6735
3242
5123
5305
5170
1536
8820
4694
4731
9308
1750
6776
1549
7833
8402
1557
3506
9399
645
2639
3536
2278
4388
8499
5031
6816
2269
9358
1303
2803
5817
7691
4863
8793
4078
8701
4640
7094
1473
1510
6704
3902
9528
7378
3882
1217
7518
675
2226
3524
9487
809
4390
7373
8947
2382
6273
779
4824
8347
3161
5583
3351
9595
7048
2571
2921
6634
5559
1397
4291
2137
6358
9895
4396
8801
6713
9639
1423
256
365
430
9931
1109
9864
5432
1336
7493
2909
5559
3765
776
7103
963
4669
8547
7933
5410
5672
9314
6700
7808
6509
1506
2802
4699
612
4136
7854
9822
6169
6082
1766
344
1886
6408
5128
3896
7928
1741
658
9240
9497
8504
4508
3219
318
1178
5075
3475
8222
8379
4849
3755
6563
9526
8024
1294
8597
2077
8878
1307
705
5034
5585
8822
8473
868
4331
4067
214
9738
9633
385
2760
3055
2390
9665
5694
7154
3725
8290
5712
4456
5675
7963
3097
4489
1451
2468
1363
6276
6699
881
1515
8751
8707
6555
9571
4575
7958
6989
4582
8464
7985
2456
486
9793
8320
7108
289
144
1520
4675
6866
2477
4927
9699
4372
4622
3647
5521
7137
2431
3658
9012
8281
3635
6400
3533
638
9387
6155
8617
6812
8210
5571
1616
4166
4131
6654
2701
763
2279
3135
5578
1704
5359
3807
5256
4247
6650
8137
9384
5285
1027
8991
8089
9825
7995
7371
878
5711
7854
8784
9611
6765
2516
5742
5852
8909
6311
8820
7794
6017
6652
3087
91
9045
8944
3745
1037
3734
6144
5885
7742
2065
5909
9743
4419
4710
3530
9769
5156
2042
3227
3191
632
6028
3388
3508
4786
4879
7411
3141
5367
7974
8723
388
1194
9151
2742
8983
9286
5606
9478
4382
7144
1450
6744
7660
1223
8476
1237
1709
7649
9027
902
7894
3203
7517
4556
5465
7140
3072
9194
5079
9502
2479
8591
9456
7627
2504
35
3159
3128
922
1086
4801
1240
1315
3680
2828
1736
6488
848
2619
9754
7710
4484
2095
3376
2628
1913
578
663
6308
8960
9709
3870
8607
6645
2890
6305
5621
2845
7219
726
3078
9756
6457
3667
1042
3185
9505
5066
1516
94
4649
643
1054
567
3816
3668
3990
2806
9187
7135
9022
1897
4619
6824
2810
9129
484
754
2058
1799
513
7685
8366
1045
9339
9629
1657
7839
8833
2162
2479
9268
3944
912
7496
2741
9395
1443
3878
7096
991
9696
3219
1945
5989
3762
5812
4510
3763
1840
7610
1670
9572
8696
1351
8717
2186
4490
2109
5550
6446
8307
4258
1142
5647
517
4320
5121
662
8271
121
8019
1258
1614
1335
2053
2383
5024
6225
5993
8650
6416
26
1004
7359
6483
9460
9608
2283
7294
7954
5427
6014
3714
5851
1591
1456
2565
1609
1583
6180
6686
3073
218
4249
205
798
9295
7949
2117
6102
5774
9869
22
8190
5535
3736
5403
8745
3865
6082
9533
9820
8480
9571
9826
4317
3820
5503
1398
1433
1699
7457
8852
7380
8530
2976
6657
9147
3981
3460
3957
9430
1792
8081
4790
5818
273
6514
3283
9803
3205
849
3435
6174
5115
6355
5608
6924
7753
1857
7467
8674
9665
5584
5204
8453
4751
9826
5597
8020
1730
4998
5077
1750
8116
1578
1412
8402
4440
6433
8864
7565
1711
4319
8075
3037
3671
448
9414
4508
6673
9385
151
7785
5469
5543
2434
89
8932
820
8679
523
482
1176
1144
8120
4174
1531
9012
7241
1431
3544
3829
307
4781
8062
7027
4477
3992
6800
5443
8690
8217
4732
2783
4018
7164
7417
7795
5859
9478
8025
3441
9237
3185
14
4562
9506
6545
857
7322
8612
802
4941
4902
1713
5072
3458
53
8162
2995
6054
352
1937
3429
6174
6552
8816
9841
4202
2618
9879
1417
1014
5249
2197
4
6108
216
1160
1618
1223
2170
3671
7870
3763
2424
9324
2959
5040
9990
7103
6074
6934
7171
2430
3816
9234
7556
6857
7728
8414
6876
4057
1712
2830
857
1264
1613
6518
3053
4828
3509
1914
5976
3494
45
494
8991
4279
8572
5484
2859
7529
6995
963
192
6363
3767
6012
2616
5487
6509
7176
124
3774
3568
6886
5998
8475
2018
4241
8518
6612
6365
1301
6151
2020
9717
6482
8221
2038
8348
7033
326
933
5377
3923
1866
5054
966
2497
2008
4871
6876
2334
5246
985
2365
6481
9060
7608
7046
4047
9414
1475
3823
3821
5805
8855
9400
2451
3592
622
9522
7404
2700
6020
776
5049
565
298
8520
2421
6360
2420
1137
115
6951
6702
7882
8900
2559
907
5069
9557
8322
1389
2847
9558
6812
9841
4380
2885
3620
3601
8179
2936
8865
3901
8140
5673
342
8308
5090
859
3179
8748
5649
7451
5642
9953
1804
7667
579
4666
8811
1736
6444
4855
6608
274
7081
4790
5732
812
3716
7781
2547
8113
393
7634
7025
199
7088
2719
4023
8024
3895
2497
8878
8922
2396
583
8679
9249
1300
7255
1268
2266
1659
1812
679
5352
5592
8524
4485
3052
6972
2110
4438
9501
2471
9737
6779
4759
7511
2527
9548
3743
8767
6696
4478
2116
6736
2307
4046
9810
1030
6023
1773
3761
2993
4392
4743
6746
1629
7989
9809
5865
3377
8446
8639
9821
2785
5684
5487
6189
3696
1928
4677
7541
7718
4933
3636
5374
8090
8665
1558
7355
4140
2990
6168
8623
7010
7784
7621
5868
4620
119
9294
1063
9974
9915
7618
9976
8970
5495
6640
7997
2239
4015
6294
3053
7282
811
548
3130
4639
2750
787
4736
5452
352
8075
4618
1570
9510
3221
9363
3449
8468
8654
1578
1087
8537
1605
9439
4021
5784
9698
6523
1671
7447
7234
5340
3333
6288
3
2701
5842
901
6728
9940
9464
6544
8729
36
9606
9768
747
4099
6504
5056
3527
7494
5025
3018
2090
1897
3928
8121
9
443
9052
8740
5678
8885
7364
7062
7955
1371
7896
994
122
3595
2854
3059
6150
8275
4050
4770
1242
5647
1197
5585
7996
720
4496
8532
8006
9128
3253
7871
985
7889
4850
5642
589
7549
307
4018
3402
1272
8148
1993
3932
1050
9352
5469
1127
249
9000
198
1223
4092
443
9849
5201
9994
2558
5018
4380
8496
5649
2862
2806
3953
638
718
7173
3447
710
4423
3242
3752
3514
799
3347
1541
5187
3314
6046
2572
5694
1322
1573
8861
7928
4717
1035
73
5937
3696
17
8566
9616
5482
9733
5119
9540
1555
8375
6840
8833
1067
201
8704
6911
7655
4771
303
7723
4326
7841
735
1192
2273
7305
5351
4662
289
8972
6657
221
7515
5897
8317
9190
8006
6776
3951
8678
5645
58
5892
7672
7504
1978
674
262
9797
8208
8589
1956
1036
3906
6421
1737
6576
5287
1517
4458
8745
7178
6439
661
3582
2599
26
9879
5127
7557
3413
7082
7297
7744
958
4495
4891
4274
9123
5780
830
9581
2034
2098
2665
2823
9700
8021
490
947
3556
7049
968
8504
1133
5677
3997
208
7505
3175
8769
8943
2518
52
1106
2318
7114
2954
2096
2467
4392
9100
2116
6575
6115
3721
3985
67
751
5937
1123
7536
607
933
4787
874
4616
4202
5964
7240
709
3482
104
7690
6884
6407
8404
7431
4733
5708
3875
691
643
4338
9773
2393
4419
8156
6632
6634
6602
1120
9375
8018
5843
7651
5710
7988
6061
319
8416
8530
7594
9283
7504
9275
1572
3015
5675
9504
3707
331
9623
5908
5466
2891
1917
3168
6839
1233
3873
7121
7400
6279
5634
3167
9283
5655
3741
1226
1582
673
8988
7427
5046
1064
7100
740
1659
6665
4060
2957
3143
9369
9121
3164
911
9563
2455
5992
6802
6026
9585
9082
6623
3129
433
7689
644
7493
4452
4577
2705
3891
9140
9774
1514
3595
4817
3723
9547
8880
7306
5457
7286
4635
9925
174
4840
7844
3246
9653
8553
5357
7036
3483
8242
1706
6911
5269
3913
3888
5318
9003
7112
1833
5165
3145
5212
6738
9123
8786
5433
7009
2569
4625
6091
7414
3511
5102
7351
2652
105
6938
1584
4780
9174
4663
1477
8879
1
822
2903
1950
6312
9838
681
3672
6522
2326
368
7903
8902
63
42
8255
606
6641
5675
6540
2122
7201
2114
3975
4457
2347
4170
2492
6019
3282
8732
9643
6602
8017
6642
5810
1166
9021
3558
6387
1695
7353
2553
6679
6637
4725
6864
3759
7868
4549
6937
642
6260
633
891
4200
2500
6910
5131
9729
1670
6896
7595
6675
5182
7530
333
7743
9244
4012
8597
9983
7857
503
2204
2878
2125
3705
6673
7251
7047
7392
3242
2716
4631
1292
7560
2963
8125
3685
9032
911
5716
4453
8726
7258
1777
3396
2508
7130
5381
9791
2761
7231
1698
8660
5324
2280
6907
893
9647
7538
8707
3766
7217
3454
2039
1133
732
8253
4280
1445
8789
7802
4385
2886
7809
9413
9063
3748
7748
1784
4926
9290
7365
839
9480
4516
622
3913
6648
8998
6256
957
421
9725
4723
4203
8794
6575
4106
8681
2698
801
1845
4358
3137
7749
2448
806
2773
7758
2889
1579
2155
9618
9407
684
7302
1386
9238
565
7771
5769
2918
3082
6048
8391
4291
3145
883
7129
7192
6603
1110
4862
2557
4775
6423
424
4071
8628
7534
613
6910
9992
5648
9546
2666
9281
721
4155
9014
7055
8374
8633
7367
4173
8872
5816
8326
2986
2485
6188
5641
5928
4240
576
5696
209
3481
5714
1130
5072
7351
238
3496
6995
7169
5366
8953
155
8108
1947
3381
5517
702
4298
4326
9145
4066
9366
2480
9172
1013
301
3713
7380
525
4474
8738
711
3865
8839
8254
144
9026
9213
5386
1616
9265
5434
3730
8909
651
8813
53
4785
9799
3120
9814
5890
5825
6930
7732
9481
5558
6961
2707
4545
9903
5585
9865
6655
4555
8107
1157
1832
7653
325
3289
8691
9893
1194
4568
3547
7042
5206
8938
3969
9109
9247
9549
5533
4777
8675
6054
4270
9630
4507
6117
214
4508
41
2038
5371
453
3459
3044
3595
4100
9083
6456
4335
8721
5002
6687
6682
214
4761
4457
4719
2140
6604
1374
6317
8302
8667
2427
4456
7167
8670
746
9972
552
6373
9024
4576
2793
9873
8527
173
785
803
7948
1018
6681
9150
6875
5102
650
3627
7878
512
1327
5114
4493
3078
6405
7279
7735
1897
270
7713
4550
9489
3925
3450
1385
9122
4605
3691
7274
2595
8770
2896
5208
8646
8016
619
9760
7577
8914
6992
6900
4505
7299
876
29
9533
8865
6179
7069
3878
3855
2309
8557
4721
4297
1932
6869
8309
2194
3924
7882
432
2058
8903
609
6201
2188
5268
5426
977
4883
1803
4312
7100
9932
360
5684
1557
4294
2202
9857
9171
950
6735
6451
3910
7511
942
4553
989
9215
8368
5937
8792
509
8667
2970
2085
8959
5053
9253
8266
6064
6562
2005
9517
9933
5713
6181
3283
8456
1241
8104
6307
5990
2100
1068
5223
4
1093
5256
9342
6759
7283
6085
1744
6448
6610
6216
432
6174
90
4861
6567
5453
7430
9599
1538
5612
1388
4292
6890
7452
3588
6454
9788
6869
9110
2076
7109
6243
1780
55
6924
493
9297
2744
9404
8806
5326
767
2604
716
9279
2110
2652
6590
1422
5724
9710
6779
7419
4821
2511
4629
1182
4958
385
1333
8299
9623
8774
4408
1185
6138
7147
6662
7455
5775
6046
147
4451
6786
4526
3919
9297
7260
2958
8152
364
3773
2565
63
9300
4700
9125
6824
9964
4485
4197
4026
6950
5649
8094
8743
4190
4404
6030
8646
3024
9263
5660
3932
4854
2741
154
6633
4034
9131
8320
2222
181
6809
6298
2300
5577
4157
4624
807
5889
6718
8638
2346
6443
6574
8559
5684
303
4281
923
2513
7687
8074
6506
8307
7275
5821
900
6735
7000
5535
6070
7380
6364
2337
163
2629
1104
3996
517
4472
6178
3150
7982
2935
4287
3650
7328
7476
8553
3118
8772
4890
4314
2950
2299
1086
9814
1438
4591
8308
390
2060
7541
1006
5702
8124
434
3488
6124
5021
4855
7278
8563
9609
442
2534
1156
2801
2418
1450
8736
5495
8735
646
8813
7013
2403
4769
5402
811
9697
8670
4544
2198
2241
4641
2439
7756
4220
1375
9250
2372
1690
7326
1432
3297
4806
1227
4512
9552
6299
443
1528
7111
558
7609
3394
9869
5943
8286
828
4937
7197
7887
1242
514
956
9376
7858
8181
9958
6390
2628
8613
8755
3099
5492
5501
7654
3690
8037
9665
6047
5098
9412
4003
134
8263
6334
4065
330
7979
2095
2171
2182
7084
1976
7282
5533
8896
652
4428
9506
1547
4647
9844
1542
5481
2684
9503
8382
9191
489
2169
8944
4731
4713
4574
9883
2132
8550
9140
6417
9627
2280
9365
9586
9369
3711
763
6757
8899
841
628
4357
33
7536
5029
6678
7148
9443
6747
210
2293
2943
1869
885
3730
3850
4252
9825
4195
8557
4396
3599
3491
4779
2157
451
4826
1377
9874
7850
6879
8940
8354
3315
5771
9794
8477
8871
6825
5326
9414
9942
8793
172
1279
2223
9091
9644
6483
6444
3177
9654
2892
600
406
4459
564
5166
6370
9748
969
7135
1111
442
3018
1583
1118
2577
3646
1741
4562
4097
7332
5470
1287
6642
3124
8196
9971
7139
6468
4816
4922
7383
5928
5265
5352
4334
1041
8055
2502
7451
2325
777
5280
263
4879
5919
1502
1857
2813
9517
8110
6656
3192
3917
6450
8535
3201
6664
8373
1939
5718
288
3753
5428
6179
973
4909
1893
4774
2578
6202
362
9899
8347
6092
3190
2710
246
9774
8182
9006
8843
2318
78
2230
2937
7360
7677
4488
5134
3614
6655
7579
3554
812
8271
2003
5713
297
839
7847
9779
9906
1734
3613
1162
1937
1724
1938
7335
2227
6677
4742
7114
3160
2015
9139
2644
7523
1370
5535
5930
2512
4460
1687
2568
373
9598
8763
3184
4305
2726
6713
8158
3922
7105
337
8985
1827
861
5575
8248
2434
1120
1143
7150
8431
5801
2275
6243
8192
8849
6312
4289
8769
5213
3999
9496
8553
4611
6735
1150
1096
4695
1999
1383
3629
2305
8201
9372
7140
8252
2330
5947
9452
2733
2103
5691
9415
5502
2265
6571
906
4454
2809
9190
7252
9639
326
2868
4588
6340
6851
7232
9907
9005
1150
4721
9176
8120
3275
1864
4602
6030
1967
453
8456
335
4232
4582
1125
8035
8042
638
8855
142
2052
7933
1934
7022
8977
9233
9090
9508
443
4777
1621
3245
4938
2018
7607
2524
7449
7520
3000
4358
3385
3451
1129
1562
8207
7667
5259
4283
9033
8081
4409
1051
3855
1691
498
9061
5140
3668
9214
7447
9403
5102
4642
1403
1862
444
9374
1456
6793
4121
6547
1114
6301
4559
9426
2754
8737
2133
4448
3627
5595
4088
6293
1491
3932
9396
964
4545
8962
9775
1061
226
471
8994
6478
8314
886
6741
800
2569
4894
486
5629
4235
4702
710
2760
6252
5792
1920
3797
8423
4915
2582
7519
1961
9281
7066
3912
2070
8079
1254
3451
6759
8051
9177
1789
8623
8671
5823
114
233
8427
3627
4204
4800
1201
6116
303
6362
2
2873
1024
6482
2198
2001
3899
1184
3041
1827
1315
7096
3713
1199
4212
9900
1155
152
7092
3710
293
8047
9432
2693
4070
9613
4580
7227
4106
6412
7658
6386
2010
7251
9300
7025
7448
7804
492
9311
5263
5139
5560
7178
4169
8365
2691
6451
8875
8994
1926
7594
9179
7081
7478
5890
7634
7263
8839
4801
2556
3396
9599
2423
7755
9042
4085
168
3883
3802
2407
5047
6817
2349
3195
4112
7197
4820
5469
3810
5519
6236
7624
3640
4182
4673
2032
7539
5490
4614
4955
9622
8155
3807
8928
2013
1499
1339
5511
2586
7366
4001
7056
8557
8250
1589
9808
4384
7041
3271
9238
6940
4147
4185
8892
7404
6681
9547
281
9772
4572
6453
8595
3277
8188
7888
6002
5784
8285
7345
7455
6716
9339
9475
1707
3830
4622
4400
3276
5580
2232
4956
5122
6566
4363
9790
3816
7577
6713
4139
9846
6625
2771
6385
5972
9243
3570
2941
8840
9468
6852
6025
3920
4369
2542
3189
4380
1269
7873
5697
9906
6520
6199
2485
165
4050
1340
3054
6800
4964
9129
997
5947
4550
747
9964
624
2355
4738
6520
4024
1630
5766
2454
5759
7407
244
7020
7206
3405
694
3709
5431
8890
6849
5271
8370
6550
728
3773
8038
4961
9598
1484
6412
4128
3192
8845
7597
7306
4976
1110
2644
1760
2566
5389
3886
120
1889
5770
3134
9893
2531
9127
2413
9748
4379
9782
3502
4388
1284
4640
6880
9827
7115
502
6476
3042
3262
1269
9663
9620
4511
7499
2449
6792
8968
1424
1763
9744
5096
820
8872
5742
4251
7059
2506
5674
8056
2375
2381
2226
7972
3610
7121
943
5
2693
8849
7551
8353
9114
1880
245
6388
5979
1523
5273
9087
1910
9089
6669
7470
4286
1048
6013
4130
1846
8897
1313
4877
7084
3459
7987
5357
9935
4429
5320
7359
4543
1549
6045
9045
5872
94
2624
1474
2602
3566
1847
2641
4432
8285
3712
5014
9163
7665
4567
3324
9139
5239
493
5438
3977
6964
171
7953
276
4761
5747
5038
790
197
9327
7502
6586
6820
2441
5245
556
6469
8326
4129
5429
5834
5232
6580
8225
3848
4110
5485
5439
8542
3634
8846
3540
2899
8207
7222
1308
3960
8836
1574
3087
9020
5690
928
7788
942
790
2635
3893
4381
5195
7811
2774
1948
4223
3982
8899
5457
4520
7625
8541
3964
8547
3089
9728
6149
3201
926
1468
3886
6703
7818
6494
3480
960
1775
3979
5873
4473
5725
1784
2122
6056
8539
313
8615
5730
1093
3252
8880
4472
4180
8145
8965
1173
8092
6353
6734
5255
6431
1895
5136
3847
5422
231
4443
7799
5583
1402
1520
4455
1274
1483
4032
4275
397
4257
4208
7309
1888
8426
8697
7698
563
1024
1243
5244
5987
8490
689
8468
3659
6514
6288
2129
2839
5198
3034
4561
3940
2829
8239
6723
3779
3696
5171
799
6605
3411
8362
259
9601
9591
6927
2426
3560
9053
8756
9051
6905
8977
3524
2508
4696
8608
3396
4720
6505
6695
8793
7060
9538
8825
9187
8594
2031
5725
6822
6880
3455
1138
9641
5337
5644
7824
2039
2869
6632
3693
3507
327
9154
1000
7817
5523
2104
4773
8704
730
9415
9445
1339
4355
4461
1778
1950
8504
2144
5124
3662
3386
9287
6691
1713
994
2230
8617
7653
9302
2055
9555
3773
5395
4915
7412
693
7261
369
4294
9606
9744
3253
4990
9813
1218
7994
9114
3174
8280
7722
4906
1455
4194
3849
3689
4199
5971
1346
2726
9245
5600
8905
9139
3748
5621
6800
8969
4620
2590
8629
9670
2380
4473
1433
5973
9467
8150
1179
1176
3279
9031
9090
6435
8173
2522
5401
8904
6494
9136
5429
4827
5954
5369
6947
3826
7038
4478
6156
1995
4305
2523
2074
5274
9669
1287
2980
6445
4273
5361
4549
8269
3227
4105
8955
7507
363
7576
7260
4549
9914
29
4515
4508
1337
9300
951
8739
4047
7333
5068
2270
1514
1047
1923
6213
7334
7103
9100
1771
4795
1609
845
9551
7056
2833
4314
2718
7406
2495
3028
3571
9168
2877
5903
6957
9222
4518
6330
3051
377
8188
1859
102
5161
9590
5827
5323
3298
644
1653
4547
9372
6993
3605
273
3489
8644
8307
4424
4538
3427
1270
1287
7683
500
5837
450
269
4465
2497
4973
5490
4680
3942
2567
2851
9868
5104
7665
1981
4379
3235
8362
570
6957
2514
5448
2499
2550
8569
3285
8483
2616
9814
4356
3079
8984
1810
5422
5522
8890
3886
1373
2493
44
4168
1525
1339
1661
493
1386
9099
1912
3768
1090
2231
257
2857
4455
137
58
6225
5753
908
7202
313
1758
144
8587
4178
9399
4312
1542
5063
9248
4414
8606
1822
3267
3975
6397
5694
7723
976
3343
3291
5216
855
5425
5372
3955
8999
3461
6910
8439
1659
2981
4321
7578
2195
9890
288
6207
9972
2680
4430
7354
2554
1199
6172
4887
8825
7297
1319
9383
5169
1363
6654
4039
4880
2962
2929
8223
2625
2139
3380
4836
9938
4694
6931
4843
2643
2656
496
1995
4490
6468
9321
9693
5908
3990
8308
1331
9190
860
5548
3474
3025
4504
5365
1261
8276
614
298
3071
940
8111
4617
4453
5142
4920
36
5766
6708
4394
4120
1887
6510
9534
6858
6335
2672
4517
6493
9308
4930
2209
2624
2689
9653
7604
5813
2805
1112
739
1693
1784
9498
678
9342
4172
9419
5983
438
5742
1579
8932
1737
1680
8148
9947
4439
3508
1875
3841
4249
4455
9696
9894
3465
2103
1488
8345
4753
3778
9024
1692
4108
3821
3554
8067
5913
2158
7988
7631
1247
4695
4011
5633
7434
3696
9743
8173
1522
5487
5200
509
4796
9942
2630
2782
6810
6937
326
1020
8350
6042
2352
357
3021
9059
5925
8988
3102
6687
2006
428
1761
8534
7192
3094
2924
5924
5316
3050
913
7524
11
4270
9051
5646
8790
62
2487
8506
6715
3792
5776
3487
7835
4114
2003
3037
505
4019
5361
1043
2149
6810
6994
9710
5174
9959
7846
2607
5831
7028
2294
7992
3384
1480
8202
2403
277
7800
5220
2206
9811
9402
954
9686
9031
5831
1985
8687
3217
4204
6276
7118
8133
1502
9332
5188
2794
87
4762
8119
5995
8193
6199
7790
44
8622
2556
2232
8919
4146
3382
3690
1187
318
7921
8916
7526
1945
6333
8942
8737
6652
3806
4132
9082
411
653
3643
8695
4027
6684
1343
1574
741
1175
7211
5897
7397
4966
947
5055
1087
8975
3297
6046
975
7032
1179
8284
1675
9082
5949
4542
1927
1809
8761
7127
1716
1295
1703
5729
7543
2017
6042
4698
4802
1258
4657
4534
1569
1467
375
3298
4723
9172
5160
4617
8114
5731
2496
9439
3921
1819
7521
3418
6689
2545
8496
6321
3551
2064
1309
6093
1854
5660
7278
7116
8509
5827
2695
7556
8213
3664
9319
868
7762
4361
4562
7430
5499
168
2839
7153
2591
7254
1005
4380
8941
3587
8431
4780
4816
4979
8001
6670
6469
2946
157
4960
5755
7064
2431
2345
2358
2104
4137
1961
9456
5986
1731
5371
6605
6776
5683
2104
425
8846
9926
7317
3120
8394
9256
7676
5289
3403
3845
4648
5488
9863
860
7801
2415
3308
1581
6488
7096
9512
8047
917
8705
9139
7536
7948
9117
3898
6154
2101
7731
647
8046
1595
7789
1435
3280
3460
5231
7278
4127
4159
3794
1390
5663
9357
2988
8387
5333
9509
2494
5011
5470
9787
138
1169
205
9291
6446
4175
9711
8911
6785
9557
5260
5681
3177
6842
9084
3514
7111
2319
5843
360
5776
2603
2107
1406
4760
1185
6428
9509
9037
7262
8875
6464
9582
2462
9356
8606
8230
1582
3333
3097
3976
8860
9953
2475
1320
9850
3934
8800
8452
546
84
1142
8526
1539
4514
5841
1303
4010
4390
9931
4457
6828
6872
1672
1696
1359
5651
5640
1623
5577
5234
1302
8427
7568
4275
9325
8750
832
3211
7243
4234
4091
3398
5213
3919
9290
840
9929
6459
6738
3029
9227
3205
8402
7530
6647
1590
6649
9510
7085
3333
2596
7064
3195
2014
6709
2918
8332
2734
9407
3943
8926
413
2909
5742
7809
7880
6451
4691
9580
3898
1389
7104
777
8502
5779
8597
497
1172
7022
8152
4098
1509
2916
9372
6508
8693
4943
8573
395
2765
5740
9814
8367
513
4830
8479
7367
3116
451
5958
540
7142
9903
1832
3002
2432
2228
9980
1897
3260
6227
2781
5594
6603
3900
6594
2556
7796
2066
3740
8607
1950
1786
7579
7440
5227
9633
4253
3474
9857
1933
2165
1118
709
4108
4275
6897
4966
9017
5973
8708
8547
6941
9370
5241
1147
8625
15
5265
9472
2786
7064
3626
5542
4445
5900
4438
3325
874
2445
4839
2888
2022
5603
2838
9834
5240
3925
8354
4685
8517
3379
38
318
2350
4178
5988
1208
3591
8373
9853
6795
6499
8164
2050
185
3947
2876
7300
2749
6205
6499
8536
9304
2289
4821
8151
1305
2951
5152
2498
1128
6284
1145
3522
3904
8092
7466
5709
3239
2753
6440
6789
9083
8281
6868
1226
1242
6966
6814
7696
7598
9214
5889
6571
1603
9251
6496
8791
182
7517
8875
4564
4381
6771
4141
6942
7421
5545
4645
3914
5179
4291
4894
9053
1875
5880
9997
1655
1790
1330
3944
92
6244
6929
910
2771
558
6975
8006
4696
9510
4238
7015
7388
7101
5438
2081
1276
3721
5611
4679
5103
4842
2755
4506
8312
4599
2516
3491
4076
5097
4516
6652
7085
6163
1546
2091
1589
9916
5162
7692
3711
252
3743
7946
9902
1087
4368
3418
7281
8088
4660
9573
350
3493
6642
9871
4411
7483
9202
9384
4957
9710
9263
4079
791
6367
2542
1502
9940
5331
6279
9334
9151
4475
6370
2968
1423
4517
1582
2620
7153
799
3674
290
4733
8483
7846
7331
6475
3443
5700
4483
3966
4386
5560
6885
8478
1021
991
6922
7300
7828
8987
5384
1662
1337
572
6468
9650
4548
2091
651
1471
3664
4144
3634
271
1062
2755
8904
7321
5700
3711
5637
3492
3737
9875
8018
4389
3359
8866
1412
2489
4342
3450
1590
6238
2665
6337
2530
8923
5184
7116
9659
3121
9553
8105
2858
937
1491
9804
420
7740
3888
7751
2260
8386
1142
8051
7658
8514
8219
667
6831
5064
2651
3751
3076
2724
3232
9926
7110
9615
8732
9636
4512
953
4133
2107
7470
6014
8397
582
6473
8535
493
9201
8147
1276
5902
8028
6865
7895
2852
5310
7216
7987
6216
438
9237
3236
4272
4445
3014
4001
3357
9048
3134
8668
6000
1785
6769
114
825
900
1468
7021
4830
4399
535
9990
1301
2707
7291
7592
2830
3184
570
6673
8832
3820
2671
4817
9806
5516
5843
1509
7862
9323
3689
2493
8086
4839
695
1417
3723
1899
1137
2243
1943
4967
2931
1493
1502
876
6763
1483
6238
7107
4289
2003
936
909
5973
1857
8911
2645
4643
447
3516
1810
5972
2322
4876
4617
5348
4807
6934
8287
1900
8156
1757
8651
2604
2396
174
6266
4583
946
8358
8332
4410
3503
9508
5132
2826
9142
1862
285
681
2756
7699
5184
3301
9757
3476
1282
413
8769
6816
5794
1649
5662
3138
1329
1717
9631
9017
8449
7409
9618
1948
7520
7544
5416
1383
2270
2115
6437
215
137
4698
7943
4462
8154
2254
6915
4148
2520
5718
8810
9466
2939
2020
7067
9164
6011
5010
3235
7890
6455
8254
9807
4355
8865
6640
5762
6391
2806
100
6530
886
2059
5817
3692
6098
8500
1157
3080
7519
3838
3346
9367
2939
8476
5736
3992
8109
9359
4776
107
254
445
2547
3085
9406
964
4021
6418
6853
2393
4801
7504
4168
5417
3514
8359
1619
4736
8988
3871
6665
4632
9013
4939
6597
1273
6259
3113
4827
6015
2250
827
7633
5306
9186
5247
4131
3662
4603
762
2200
6842
5487
5652
9263
7270
8546
1085
709
6949
4104
6510
3046
3850
4275
2282
7564
1287
8983
9938
4201
4225
1021
9335
1150
7695
1248
1931
4022
3393
9095
6001
2770
7118
3679
2739
9297
1813
1397
3793
5659
3893
5149
5703
3786
9656
9889
200
2566
4026
154
4070
9452
2791
7668
3652
6554
9603
8161
7523
1369
7219
77
8456
7783
3320
2792
2958
3024
9372
6165
5272
3113
85
2591
4815
7401
8694
947
4857
6725
5045
2734
9675
6294
2151
4419
9717
2792
5367
5641
267
2018
3590
3599
837
2381
3261
5629
9660
7650
414
1849
8212
1221
7400
9874
9417
2504
9352
4924
2690
8829
2524
5528
259
8172
3012
2687
5198
2189
5074
1692
9849
4243
1808
5427
6123
7318
1920
3346
2703
7531
5342
2834
8203
5649
3954
6009
587
3322
9090
688
7894
2612
821
5612
2307
5587
9234
2267
8180
6877
726
365
95
5362
2676
5501
6126
1942
3478
3098
6525
2221
258
6662
7440
65
1960
5082
9895
5363
1304
2996
346
3420
4801
4830
398
2030
4628
1420
9722
6956
5015
642
1459
1154
9733
8928
3026
7251
6243
7147
6952
285
6733
5592
9704
75
8398
8136
2130
5191
6255
779
1616
7513
8806
8786
4009
9297
7520
725
100
4781
986
3069
9687
7607
2633
7904
3820
5055
5562
8887
8724
5280
6611
973
8038
7025
4663
2790
9712
1290
585
1865
3310
9329
1800
6252
265
5888
6649
8891
1750
981
2659
8820
9551
6550
8259
1922
4095
622
6799
5747
1895
2905
9879
3992
4638
6215
3496
7129
501
3505
8203
2307
7144
7718
2682
1072
3904
9375
8355
7616
8725
3079
7365
4745
2065
9697
8582
7145
1888
6149
2775
6307
6915
331
1215
8414
3572
2275
9476
5910
3396
6398
6105
6732
4512
9340
849
9889
1314
4435
3346
3003
5428
5720
9860
9777
2287
8606
8152
7721
8289
5000
3974
635
3325
6700
1486
9698
45
3399
1392
4559
2050
9303
4264
3305
8876
6440
6785
6021
5429
4975
5690
2493
3751
8092
165
8401
6030
5744
1836
1671
5304
5707
5919
4847
7945
4032
8744
2456
4508
6407
3584
3737
8131
6639
5994
7821
3855
7182
5452
8334
219
7334
1263
7292
8547
2135
2108
9931
7154
2283
7734
6006
4104
6865
8374
2531
5723
2825
2417
4293
6837
1737
4566
2632
9051
3162
2260
3485
5085
9554
9465
6146
1337
6638
2197
2204
682
9580
7484
8515
6463
2547
3050
7371
662
6383
896
3099
8454
909
6989
3388
9004
9935
1113
1872
3485
9484
235
3340
9675
5943
4234
4659
2019
7050
8896
5536
8306
2608
3626
3535
5784
7884
4188
5433
8821
5961
8321
651
8608
9678
6992
8002
2406
3629
6779
3285
9471
3337
257
2846
3884
8578
4787
886
5005
2351
8052
1836
287
8870
233
594
9058
3546
5343
6517
5465
1938
6252
4358
1275
4402
670
2426
2742
2888
6832
3994
1235
2998
2459
7128
2052
8343
3497
7535
9722
7711
5525
6453
4339
9059
6910
1280
6849
2290
8489
2562
2182
1375
7430
3826
3803
6636
4011
2968
496
516
4925
6293
4958
1045
6510
1885
1992
2697
3248
9954
2783
1792
7927
2110
8020
1675
5372
9740
9625
8279
1037
1268
2673
2483
2562
9617
7206
4224
2507
5921
9785
4389
8870
9144
6915
8396
1708
4385
6090
6029
5163
4691
1040
5572
6366
955
9126
9393
3304
4380
1757
7580
3951
4400
1117
9603
1221
7945
2670
8818
4227
1912
2932
670
5454
9241
6904
7726
3979
9193
3472
4518
4350
4886
5249
2321
7950
5793
715
2634
997
3794
1587
39
6596
9849
4526
3347
7203
4044
5944
7463
7909
8594
581
3124
2473
8026
2287
9999
3214
2905
8814
2617
3038
2558
9813
7002
1339
2324
1897
2026
3416
403
1261
5852
270
7395
7944
3399
3822
5247
3432
8050
4134
1474
3072
9659
8989
2048
3549
5795
9272
915
6678
1210
911
1505
8674
6003
874
5974
7827
4420
5860
5620
1696
2573
4834
1875
3504
4850
157
8150
3330
5062
5162
5916
6410
4150
4555
224
4246
1503
2927
6974
9806
7517
9876
4257
8218
1713
285
5278
6285
6861
6814
8247
3791
8720
2132
5453
4217
8825
4514
4533
233
1209
3382
5397
7606
1722
3977
2412
7869
9493
7221
7339
3865
6549
4402
4244
8098
3766
9449
4301
9948
8697
7226
6177
176
9559
1688
947
7031
8527
3313
2448
9507
9214
8300
1872
1096
5786
1035
6921
5463
2219
5664
1376
7100
9847
5340
9308
9069
6088
3554
4329
3347
7995
619
4022
5781
6792
5906
8860
7103
521
3551
7691
3106
5850
4977
5106
3589
3003
3140
9322
6505
5700
8947
3233
3610
8470
4727
5838
6033
6954
8829
4725
8230
8808
3157
8633
1907
6774
2950
9913
260
6843
7152
1385
2587
5311
9114
6814
9039
8241
505
885
532
2468
1330
3472
1527
2327
7718
5198
4448
5664
3516
5622
89
8276
77
4208
3582
869
73
7776
6810
6937
8775
8080
737
3890
873
2953
8413
3808
1646
8573
8527
5663
5424
5444
8599
9294
2798
6176
5599
6958
4469
9919
2017
7154
5719
8798
281
2457
5565
6229
5302
4886
6456
2530
8633
5752
899
7045
8752
4091
9749
1829
5725
5290
5827
7134
7134
5134
6418
5272
7938
152
6154
1573
2561
6663
6278
5126
1962
5127
5623
3930
3978
4710
9480
6181
4968
7300
6701
2729
558
6358
6325
9043
6193
3047
2910
9524
3521
4156
6727
7466
1868
8594
7297
3195
1854
2407
4270
3630
8323
7649
780
5398
6780
8255
1531
4091
8912
5482
5945
3558
6362
6023
7472
8217
9664
6364
53
5834
5475
1612
913
5770
6018
7745
8860
5477
1610
2725
4901
5208
7033
5549
5486
4986
2448
7491
388
2505
4437
3614
5533
2978
4904
768
5674
4493
126
5724
1036
2802
1033
1298
4339
4908
9657
7912
8849
3096
2587
1414
6844
9033
3423
6622
9027
9916
7352
6583
3848
4163
5341
7621
5691
737
3676
6438
1512
929
1262
7547
8039
6515
7974
2193
6001
6483
2130
1147
210
7975
3204
8526
3050
886
5499
2232
8637
768
362
2142
8282
2365
8202
5201
1737
8390
7195
9084
5358
8970
2710
9293
1818
3774
526
6781
2128
4629
3860
6446
2853
791
6442
5536
9728
4785
8527
799
2194
7369
7913
3245
975
75
6865
1768
7210
5973
4456
5127
6287
5820
6808
374
7769
4505
1909
7340
7988
7732
1650
7221
8764
779
1551
8593
7941
1503
5888
3288
404
395
1113
1272
4970
2369
4854
7548
1969
3987
8471
379
1919
4075
633
4219
5112
1464
6863
1200
5952
6997
3663
4500
1245
6487
1465
9780
8907
6724
5042
69
329
8362
5759
6114
7696
7571
5789
3219
3428
1139
2413
8939
9123
7451
4188
4254
3851
9214
8257
1405
9064
6492
9664
3088
4539
5776
6652
7279
9206
7027
2328
9788
1107
5740
4382
8432
6693
7957
665
353
5446
5642
2173
9324
6463
1600
1863
6709
7558
7583
30
8921
4513
7326
7401
8172
6634
6762
1962
1907
7819
9986
312
416
1144
98
266
4630
7227
2922
5967
4040
7787
3083
2955
6690
342
5357
44
9907
8397
7215
1387
230
5311
1549
3181
6651
1517
2471
3705
551
3997
3972
8420
3381
6426
4034
8088
3415
6201
8072
2291
333
9462
9738
7692
4048
8301
3560
9072
7676
9860
8660
5690
5672
9173
8301
8594
6211
1082
8333
4172
6093
6977
5724
5185
2463
9487
7071
171
3192
5105
1233
4617
5861
8989
6924
7602
651
9655
8531
1223
1140
6335
8015
6833
8581
5608
2388
6138
4520
7300
7968
6263
586
171
5743
9315
6706
1386
446
5719
9277
5751
9930
8629
9554
5955
4564
2947
9239
8697
6660
325
4496
4851
838
3956
7854
5611
1573
6282
2524
399
6275
4879
1153
9902
6978
5069
7283
2319
5522
128
7353
8576
4839
1386
1018
4780
8374
2963
3287
774
7293
3757
9298
2706
8828
1877
2282
1459
8884
5317
4356
9199
6234
1927
9384
8622
3095
5524
4597
5377
623
3755
3105
1952
7404
8045
2896
8972
1799
9764
7584
2691
2259
7028
4496
2001
5718
3530
7355
1811
4708
4641
4853
152
7721
7155
496
3616
51
4732
3115
4470
5962
3467
2680
8666
5325
9282
9881
3927
1563
6028
4214
9635
4058
7086
4973
741
1351
7974
8422
7728
3771
9888
4626
3950
3558
9080
2480
2888
1834
9529
2667
7025
3335
4468
6628
6931
3022
1116
1719
225
3380
1918
2940
3723
4550
8207
2189
1904
2388
541
2687
3310
5547
3383
5455
5428
8386
1609
4058
8297
7616
2127
296
6390
5800
2330
5478
5038
9155
977
1920
9118
3177
9567
1463
830
9739
2970
7924
4503
7423
3972
8361
640
2393
906
5120
4689
7747
9946
1683
2360
9561
8705
4935
1849
3891
1522
9749
5007
880
6979
454
5682
219
6802
3595
4577
4109
8517
5526
4367
5087
8974
1033
8538
985
7309
1609
9622
5260
1247
9134
7704
969
5957
9802
9966
6396
8735
3475
3532
7864
9799
399
9825
9408
5595
5675
6712
1871
6130
4264
682
6677
5775
9762
5745
9711
7267
4878
2488
7298
8205
1424
1006
8851
3756
2343
6377
4022
7302
2981
7446
6817
593
3982
6591
9132
9886
9020
9238
1543
6101
3069
9310
1656
5916
394
2248
3967
6769
3524
7771
4952
9143
493
7005
2253
5789
1760
5262
5749
2761
1071
7316
6461
5972
7975
5264
4625
1647
2370
1999
7304
388
904
9405
2265
1511
1427
6933
4573
3387
7246
4211
8771
225
7912
1466
6761
3467
4091
209
6302
334
8212
1895
7746
3622
5918
3304
7846
8211
2256
2952
6517
8786
9359
2093
9246
7462
7921
9849
9629
1749
5856
9876
6453
3231
6678
6920
4893
8745
6763
1814
5492
24
6441
838
7202
3081
8616
7195
1900
8781
8779
6597
5795
4786
917
7856
4794
189
9849
682
5843
6034
558
466
9541
7206
3659
9244
5243
6716
3396
3841
316
5388
7553
7203
6354
5410
9703
9069
8345
9378
8486
505
5927
6585
1215
5292
2018
6606
6591
1836
7762
5912
956
7953
3061
2153
4650
7833
7640
2376
6203
1782
5401
6285
3073
98
3462
4373
5025
4707
2689
5205
5238
6489
4531
2490
6159
1971
8121
2335
9527
9602
3904
4777
5022
4342
7001
9181
4808
7684
5176
1
2402
6201
8911
7183
397
7256
7666
149
2361
4735
3703
4154
8303
7976
1100
9595
9387
7739
3140
3795
3604
2657
7951
3450
3161
227
613
116
5209
9409
9535
3994
4463
2126
6803
7558
3289
3832
3578
7271
3331
3430
3647
565
3845
8379
6246
6846
1749
1879
4166
7775
5930
4044
9556
9694
3343
7533
7726
1684
4784
1283
3201
2216
2597
1465
9832
551
9624
6807
6514
2383
5523
5309
5006
9050
6347
8373
7797
8680
7619
4475
9715
4758
5231
2376
2100
5899
8454
4473
3944
3616
3922
6526
6722
911
4728
2287
7027
3844
5246
4665
61
1633
7742
6614
5431
7758
4374
7003
3804
8461
3224
9066
3232
9852
3861
8280
3697
6355
6721
905
1205
3341
5203
9783
6630
1171
2364
1250
151
8676
9537
785
2273
5185
1014
4598
8254
1700
7209
8864
5233
721
8025
2074
5792
9237
5153
4657
2336
5275
8692
6867
7883
7181
1206
8018
4640
3352
2997
9127
1928
8360
5459
356
9856
4194
8001
7106
7688
929
5705
9705
7319
2263
2840
6350
1592
9621
5078
4886
7093
9943
1892
8793
9886
7190
2288
1426
4806
8433
168
8659
3371
4134
9305
3701
864
5593
5586
4540
8520
4311
490
5401
609
7477
1835
8666
9931
641
8425
3900
2532
3658
5795
2560
3649
1916
6837
2540
5722
163
1127
1848
5811
9441
4102
3128
6323
1354
4925
7546
2387
6268
1680
165
2437
6285
1252
4162
6333
8252
7534
2742
5536
1114
7063
5981
1080
913
9608
2515
4082
4962
6632
5003
4741
9901
3663
7139
4958
7321
86
8958
1372
1812
2174
4609
901
3476
3897
7434
8275
7547
3528
4105
2623
4505
6034
9059
9912
7659
6318
7371
5296
3554
4558
5105
1188
655
1112
7207
6725
7337
2385
3230
8872
3729
8936
3856
5638
6077
2941
5046
3824
1153
1180
5945
5092
1948
778
4645
9780
9981
4427
6138
1817
4950
2253
5676
3828
8569
7236
4635
508
1664
5075
2829
9801
3481
3268
4694
8268
4941
9844
3865
5705
4226
1678
4185
9250
406
2402
4969
65
8764
994
2465
7457
9331
8937
338
4170
4530
8728
5504
1447
3264
1967
5886
9830
2351
948
6296
8811
7081
8770
7177
977
1378
9025
6333
8126
9981
4270
449
6034
651
4152
7207
7772
8813
3191
8693
4361
587
5304
5581
2426
9326
2760
8807
1120
7383
7597
6458
9079
2210
1468
9322
8028
3029
7994
2299
3661
3523
2483
2499
1467
7134
7056
8238
910
7112
2377
3419
6998
4490
1303
4387
5193
3485
420
250
9118
2854
6738
8575
2852
4511
6885
2574
8239
48
7469
8820
6737
5037
6611
9554
4049
345
3568
4762
3579
8856
1621
9686
2276
3538
4410
2745
6583
2211
790
7373
7473
3007
376
9675
3030
4131
5712
4570
4958
1334
7229
9342
4175
6927
9940
8033
4536
4416
6538
5216
6663
8736
4846
5916
3367
1351
1429
5841
730
4722
1555
3315
6847
2086
4035
5540
3936
8497
3443
4194
795
5228
127
4797
2491
3324
7129
4646
5042
7064
3106
6131
7717
1253
4296
4032
1028
3965
4955
2591
5428
7071
9661
6128
4555
2927
6070
1339
344
5950
929
7066
5884
4804
5815
6052
4153
506
4214
8212
165
3220
3677
8120
4875
3003
4951
101
78
1545
5217
408
6379
574
1866
9896
4442
143
8870
3143
8128
2958
5343
5974
6213
8756
8104
1992
5197
1499
1439
6479
6405
3353
6959
4707
4107
6374
1071
961
6874
4830
9163
32
49
5474
92
814
1247
9977
5143
1161
3534
2708
4991
5370
3865
2512
4823
6428
7098
5076
3832
571
5237
7481
5852
3687
7898
9561
8453
4743
539
2737
252
6586
1707
4240
6137
8296
7903
290
5148
6696
1236
1750
9127
9051
5580
474
7528
6997
2710
6233
8390
6316
5433
7530
6823
4984
2557
4346
7995
3867
9654
7396
2665
8810
317
9277
9556
6441
9213
1676
1850
1637
1959
1782
3369
3659
4035
9320
4782
9366
3748
2813
635
3205
2677
7264
2708
2923
2598
2763
4983
48
8238
5757
8102
3829
4011
4858
5714
5941
5629
4253
4181
855
1595
2073
5531
9023
5681
3357
3406
9652
7879
9157
5213
1996
2079
6781
2777
2164
8234
6257
5900
9884
9895
5919
4294
7135
7833
6062
8773
128
5300
4632
7408
7136
8116
3507
4480
2556
6714
8237
1404
6738
7236
1301
1263
4532
3384
2839
680
5350
4397
5487
2974
3522
5718
1919
9630
9179
8539
9340
5922
4030
2565
322
9728
1588
2694
6903
2924
8596
6547
381
8987
7397
176
8257
3589
8561
5446
2913
6966
2662
6643
731
3425
4726
7774
4064
5025
1646
8837
1847
9118
3107
2021
797
3256
7672
373
5546
532
1820
4000
5568
9392
7665
5533
4029
4148
8423
7164
4015
4886
5783
351
2119
8202
3084
8931
7718
149
9387
2330
7828
5356
8643
3495
463
3950
9743
9541
5761
3674
1129
867
2426
1438
1481
816
6524
4734
6139
9311
9974
3597
8238
9511
472
2843
5848
8394
7765
411
6759
8032
9287
3648
3634
4479
4636
5108
1582
6489
8045
4692
5709
1042
7792
4587
4769
6669
851
4585
7551
4722
1449
9119
1214
1502
8786
8650
158
4390
5858
202
5717
8969
9123
8638
1812
4418
9302
9678
1193
7703
1669
7653
6990
7009
3316
6680
9486
1624
8694
7287
8744
1258
2780
8095
8332
4295
2552
5034
2882
6220
1712
8644
2218
3323
8557
3626
8926
9971
2963
737
7475
6417
9819
2817
6542
2707
1244
540
8516
3940
2889
7198
7642
4889
2388
386
9547
471
5327
415
5560
2639
2595
7134
3305
5064
666
4825
9858
4967
4950
9953
465
6909
1861
300
4339
6604
5900
9593
2422
215
5376
5169
345
8262
9059
4332
5072
947
4892
7949
1556
2180
3087
8460
8855
2405
5500
7725
9893
6737
4884
3154
614
349
1685
8794
7424
3841
8118
3300
9753
132
3998
132
2649
9379
5567
7201
62
6461
8304
2504
1706
9934
3289
9457
1431
5062
6727
5644
9931
9845
6975
4007
822
2854
5743
3487
3656
3045
8912
7024
960
9742
4440
9996
5487
4004
2508
6548
9322
6890
6610
8821
4190
5329
1636
4433
3374
7439
3505
3081
3144
8088
9805
6565
3863
2396
9065
1744
5745
2349
669
5346
7760
5483
1138
8395
4477
8189
6076
409
8440
7502
6676
919
3844
834
756
3890
9296
4148
7516
5720
6529
9293
4594
5919
4314
739
5541
8112
1294
3596
3938
3470
2460
8605
6847
759
824
5331
405
7462
5627
6557
2684
3633
33
1780
9822
1302
8640
3465
8893
9965
2008
5689
7312
1370
486
7759
5256
4131
4082
1286
2690
312
2729
5625
8485
9875
8085
5242
9370
2365
1879
9035
6508
4457
5975
6172
8053
7906
7170
5697
3656
2637
5266
1535
8221
5946
1788
7140
2438
3133
4883
2416
5985
8611
5386
2963
3510
7123
278
8692
4848
8370
6433
9004
6936
211
8395
6429
8365
2841
2171
6786
32
1962
7652
2804
8892
4659
6915
7285
5859
7954
9172
2813
4595
8740
9284
1247
8807
6859
1280
7496
7018
8763
8653
7987
358
6849
2145
3003
9467
4944
2111
5998
5355
3450
6752
4122
2193
5592
5708
8072
6338
6342
5065
8146
9436
2110
9098
977
4828
1871
4744
3831
4892
7321
3454
1158
1352
7624
8110
1819
2689
8955
9073
9675
6427
6928
5580
3048
6929
7022
2782
7407
4809
6574
981
6706
369
9222
5377
2445
1160
3875
704
5927
4298
6803
2217
3175
6515
2621
420
7104
8901
9725
6470
1771
7765
5760
3946
911
7327
9000
5643
5392
3834
6172
5422
9697
8693
1088
6444
2551
193
5084
9070
6635
4201
8203
1825
3611
2651
9347
6137
1695
2171
9084
9649
6931
4125
7230
3984
870
8127
1227
6455
9229
9689
2726
1751
596
1773
5039
8448
4802
5849
4685
3444
5656
3307
742
2715
263
9268
4702
4239
5563
9861
3401
4487
8471
7382
5102
6912
6174
5334
7019
8311
331
8844
8751
7924
3774
5948
8632
4433
3636
293
8410
7240
1009
423
6280
5178
3805
722
3538
8843
8984
4761
171
2395
651
1221
1589
6656
4829
9863
8155
6895
9342
9589
3931
3113
4900
1574
8879
7090
6383
6776
4647
1197
7803
1438
3636
3731
1282
1848
4819
8210
1227
2010
1636
1682
5987
8414
3254
6595
6102
5094
7712
8546
7130
9705
2479
9146
6137
5407
5799
2295
6857
9384
1064
3878
5305
7366
863
6089
8234
5131
8965
1494
7527
9820
7432
4255
7667
4149
788
8572
1790
2727
3646
6420
5331
4940
3277
6139
8529
1467
9541
3621
6580
9991
8593
57
3200
5362
4717
9265
1417
2991
5629
4941
1585
5812
8877
4215
7007
9118
1093
4097
1096
5247
3193
4810
285
4338
7851
1184
1889
7487
3709
1280
3989
6586
2279
3961
6962
4438
6321
7566
1107
6327
6174
1354
7292
4565
4965
5437
1546
2300
7692
6981
7433
8577
8020
4392
3820
1791
5708
285
108
2542
5778
8395
8576
6917
9613
4745
4310
5927
1200
3253
347
9001
6587
8064
4093
9843
9076
2806
9002
2693
3326
2635
852
4049
7363
7393
9059
4566
1971
647
6679
3917
5609
5355
8409
4572
70
9791
765
1463
2925
1673
7431
8567
634
6293
8870
611
4688
7030
6449
2490
189
9753
1325
1379
5692
2746
4152
7932
1575
7024
7397
8670
4694
7843
5428
9314
7800
3742
765
8429
4653
9183
2617
4838
7903
7244
8766
88
27
1215
5365
34
4927
8642
1305
8380
1873
6694
1022
8645
7497
9501
6107
103
2556
5656
3045
9980
2679
3482
4362
5482
3332
955
6199
105
7628
1480
518
358
7961
4808
7304
9872
8566
1002
2907
6143
7462
4202
2856
884
158
1554
3035
8796
240
2493
1648
3390
4517
7223
1223
3924
9222
624
5395
8950
934
1263
7092
5425
2256
2803
8271
7863
6744
5541
3303
2720
1089
2297
7563
111
1675
6835
9692
3007
1894
1127
56
284
8343
1161
5640
9150
1606
8066
6242
2543
5330
756
3532
4414
7169
2325
894
4348
4744
7607
2978
9700
6420
8680
907
7608
5042
2725
3903
262
9793
4009
1107
9289
5666
6723
1666
9564
9817
8070
3368
8889
3971
5675
3745
3216
5187
6369
2585
6947
5659
2084
3136
7150
3523
378
1964
9300
8057
1530
3867
8036
7462
7496
4259
4138
1273
5387
72
9362
3282
784
3002
3784
3405
2439
4759
8987
9160
5723
6100
4128
8771
5712
5972
6050
5699
6980
7314
4311
403
6695
7873
2109
2585
3271
9502
4323
1424
1252
2734
661
5814
6707
4681
9728
4452
9598
6371
5795
565
4536
547
2054
1061
9839
8562
2740
9576
954
8497
500
9125
4897
6823
6854
1661
7979
5574
7368
7707
7666
8025
4776
5401
6164
4444
2724
6028
9699
2856
2301
5950
1228
4922
3962
6230
21
558
6265
7158
9022
909
5280
9969
5850
4048
9282
1751
4648
7728
5229
6750
6073
8908
2032
9182
3318
1302
3385
3865
7898
2779
8700
9494
8586
8316
4704
9545
1462
9277
2324
6544
7927
554
7055
764
8824
2513
1637
9370
9489
9680
3381
9245
4446
2172
8015
6506
8318
2363
9571
1360
7367
4510
8405
9986
7319
8191
4172
6562
9414
8339
7417
3659
9351
3051
869
2427
6989
2157
5860
2827
6842
2522
389
3885
6051
4012
2827
945
1279
5838
1574
8964
7918
9848
7226
2277
5142
1669
8594
9557
3657
8419
3117
8187
9235
9686
5750
2129
239
1785
7409
7246
7864
8642
9089
3441
4157
273
9607
4855
3454
8229
9654
5577
5891
3339
9057
9381
6748
6659
3413
8646
8883
9793
4307
4979
7198
9357
9909
8562
4896
1096
2034
2087
5343
8956
1213
5629
6256
9518
6872
1135
6590
4674
2358
1315
9018
7003
1885
7283
7292
9774
3226
5210
7272
3089
2015
5208
8588
150
6568
178
3782
8206
827
9465
6850
3388
3501
8005
8688
8871
7425
237
6772
4554
1787
5926
6327
5228
7475
4054
3243
3000
469
947
1564
6680
3861
6509
2866
8819
7760
7541
2227
8256
3758
505
9557
1013
5364
2237
4433
929
262
9783
7395
2018
5865
3046
3838
5187
438
720
9453
9062
2106
6407
5732
7562
3690
6648
3796
9769
8772
9472
4445
5617
9745
8842
7854
9805
9111
3225
4952
8847
7035
1311
4736
9868
4035
5640
8003
4
9338
7382
9941
3772
6956
5273
3442
9818
2337
3338
5973
8300
6903
7765
9495
3542
2359
8513
3566
4150
9834
7598
8839
5205
7173
5993
895
2157
9023
9038
7771
4865
2467
9211
8551
8830
4545
8941
2363
7516
1358
8538
2218
768
8028
2186
6660
242
5717
4402
748
5749
5969
5294
1827
936
4727
9243
4739
6361
5663
9758
2504
353
9302
516
9672
6079
9179
1447
4372
9653
3302
2538
4598
649
8568
3090
7722
3225
606
6257
5897
6751
