595
192
451
934
155
445
990
818
264
912
752
829
385
428
908
36
949
518
744
438
341
219
914
316
419
976
537
958
257
575
172
420
535
786
767
893
828
944
813
352
357
969
911
309
788
232
633
942
248
932
566
911
178
618
546
535
680
995
781
738
90
486
744
765
505
922
864
350
31
609
639
549
786
364
897
650
755
143
116
476
379
105
593
187
756
163
928
708
317
490
312
799
416
675
235
613
750
738
831
915
762
894
233
14
666
924
973
266
529
159
608
99
770
257
86
591
15
417
40
990
832
41
773
558
792
250
313
784
144
38
355
145
823
634
792
422
993
246
901
695
579
459
369
870
865
776
601
197
55
800
853
177
524
163
632
46
645
759
950
896
254
867
510
12
306
825
606
177
267
126
885
863
709
583
515
226
653
617
253
122
968
972
749
986
6
621
615
18
637
327
926
188
881
421
316
752
361
319
912
20
237
311
954
212
899
919
986
57
697
488
535
689
629
825
659
804
41
82
251
998
786
900
237
133
55
600
442
577
630
504
267
314
642
414
599
227
641
343
850
570
458
459
842
544
724
540
371
259
185
440
602
597
65
900
695
873
11
79
363
818
502
313
401
640
374
550
625
72
298
635
359
662
650
588
371
698
22
359
41
948
738
825
152
941
798
290
80
132
625
599
396
161
45
453
792
65
45
789
492
135
428
880
597
36
599
224
317
874
194
728
385
458
569
753
57
368
244
626
76
248
142
308
113
376
31
615
818
666
860
28
331
932
416
697
513
117
925
602
685
270
627
90
319
498
601
685
567
300
993
177
463
708
684
265
277
205
423
373
749
190
598
282
642
563
213
513
485
7
334
831
622
888
20
809
167
727
454
289
977
491
55
497
797
113
674
875
997
554
66
586
795
505
424
89
423
879
302
262
110
357
584
531
845
125
402
457
189
806
60
417
329
578
11
8
699
325
249
901
860
916
596
147
994
840
172
38
675
854
358
876
152
564
358
433
941
522
449
54
973
626
544
320
427
13
40
209
811
804
303
173
694
32
33
810
324
30
984
716
540
418
394
389
79
783
260
414
579
689
45
85
684
111
949
339
4
216
932
543
242
577
591
980
737
8
653
733
247
632
7
713
918
41
398
662
288
75
319
486
19
127
497
224
580
778
303
237
255
543
809
961
157
544
789
353
942
521
595
447
14
97
206
510
764
181
294
948
501
667
770
684
104
384
826
789
450
470
883
195
185
822
484
472
254
870
54
134
60
806
808
227
213
37
479
26
715
835
861
186
563
291
537
213
686
48
116
783
906
784
36
209
894
816
401
353
218
6
932
120
380
749
856
511
439
865
536
279
198
199
976
332
55
992
48
77
402
378
995
778
944
427
630
442
41
203
924
697
126
508
837
410
365
929
527
111
34
744
893
930
114
533
51
766
299
709
748
615
712
644
179
155
665
931
173
339
422
65
384
602
580
837
461
985
185
62
360
997
169
975
696
782
354
33
442
548
493
39
592
48
643
408
735
300
71
581
262
688
75
16
770
426
922
372
398
273
900
751
568
719
480
817
15
800
651
719
281
995
279
249
944
756
208
804
412
171
863
932
180
741
81
834
582
964
402
454
830
238
499
929
523
87
755
506
373
852
449
219
51
45
799
695
457
862
522
50
94
795
310
845
107
341
262
324
160
340
434
470
353
387
217
961
285
203
982
823
103
669
567
809
885
304
127
734
942
131
894
791
617
447
630
867
256
812
214
338
291
831
748
97
49
429
131
433
810
694
580
331
351
16
721
924
587
335
541
273
635
886
855
608
416
885
237
18
22
336
636
424
405
503
94
329
348
847
973
558
493
52
699
283
907
945
412
818
633
814
763
45
100
5
386
471
72
657
597
687
121
251
309
402
56
626
842
333
541
294
866
484
283
314
214
842
679
739
500
573
234
289
559
941
878
746
210
377
797
709
660
573
573
905
892
284
928
299
558
894
496
382
46
231
240
762
273
916
525
819
740
730
507
261
196
533
364
137
340
90
579
135
492
41
895
152
302
642
835
966
813
699
442
346
686
299
664
570
193
478
267
165
640
622
760
996
141
658
194
551
155
949
694
561
779
166
378
74
95
432
947
927
90
37
126
815
870
124
262
884
64
563
932
108
942
907
645
836
800
535
157
296
156
384
689
921
995
953
410
83
962
985
662
898
939
322
456
153
209
685
647
246
251
632
237
293
583
414
614
176
832
489
552
232
474
950
145
218
738
188
164
713
515
979
174
515
619
813
629
443
668
148
815
171
894
256
